0
552
1101
1655
2204
2747
3295
3833
4368
4917
5469
6018
6568
7122
7657
8201
8746
9296
9843
10387
10929
11482
12023
12575
13115
13121
13668
14218
14767
15266
15824
16376
16931
17480
18026
18570
19121
19674
20234
20781
21330
21887
22434
22973
23515
24059
24617
25164
25718
26272
26277
26838
27394
27942
28489
29032
29575
30128
30676
31221
31772
32314
32872
33420
33972
34522
35073
35616
36164
36708
37242
37790
38334
38882
39426
39435
39987
40544
41099
41647
42200
42738
43291
43837
44388
44939
45484
46030
46575
47125
47673
48223
48773
49331
49879
50427
50981
51533
52084
52637
52643
53196
53739
54286
54839
55390
55943
56497
57047
57584
58141
58685
59232
59779
60330
60872
61412
61955
62498
63057
63605
64163
64720
65269
65816
65820
66368
66910
67458
68014
68569
69111
69666
70218
70771
71327
71876
72429
72985
73539
74090
74639
75189
75727
76271
76812
77357
77894
78433
78969
78971
79527
80078
80639
81193
81742
82292
82834
83381
83930
84483
85028
85584
86130
86676
87223
87770
88321
88861
89411
89959
90504
91050
91587
92124
92130
92635
93178
93717
94266
94808
95350
95895
96440
96990
97535
98080
98626
99178
99728
100278
100830
101378
101918
102459
103016
103548
104080
104613
105148
105151
105685
106236
106777
107315
107847
108378
108909
109450
109999
110536
111078
111622
112161
112701
113240
113780
114334
114877
115429
115975
116524
117073
117627
118169
118175
118731
119279
119831
120376
120930
121484
122034
122585
123142
123693
124250
124809
125367
125924
126482
127034
127580
128137
128685
129237
129788
130328
130865
131416
131422
