0
552
1101
1655
2204
2747
3295
3833
4368
4917
5469
6018
6568
7122
7657
8202
8746
9296
9843
10387
10929
11482
12023
12575
13115
13121
13668
14218
14767
15266
15824
16376
16931
17480
18026
18570
19121
19674
20234
20781
21330
21887
22434
22973
23515
24059
24617
25164
25718
26272
26277
26837
27393
27941
28488
29031
29574
30127
30675
31220
31771
32313
32871
33419
33971
34521
35072
35615
36163
36707
37241
37789
38333
38881
39425
39434
39986
40543
41098
41646
42199
42737
43290
43836
44387
44938
45483
46029
46574
47124
47672
48222
48772
49330
49878
50426
50980
51532
52083
52636
52642
53195
53738
54285
54839
55389
55942
56496
57046
57583
58140
58684
59231
59778
60329
60871
61411
61954
62497
63056
63604
64162
64719
65268
65815
65819
66367
66909
67457
68013
68568
69110
69665
70217
70770
71326
71875
72428
72984
73538
74089
74638
75188
75726
76270
76811
77356
77893
78432
78968
78970
79526
80077
80638
81192
81741
82291
82833
83380
83929
84482
85027
85583
86129
86675
87222
87769
88320
88860
89410
89958
90503
91049
91586
92123
92129
92634
93177
93716
94265
94807
95349
95894
96439
96989
97534
98079
98625
99177
99727
100277
100829
101377
101917
102458
103015
103547
104079
104612
105147
105150
105684
106235
106776
107314
107846
108377
108908
109449
109998
110535
111078
111621
112160
112700
113239
113779
114333
114876
115428
115974
116523
117072
117626
118168
118174
118730
119278
119830
120375
120929
121483
122033
122584
123141
123692
124249
124808
125366
125923
126481
127033
127579
128136
128684
129236
129787
130327
130864
131415
131421
