0
379
755
1135
1511
1890
2270
2648
3025
3401
3777
4155
4535
5065
5874
6677
7493
8295
9103
9905
10710
11518
12343
13161
13968
14768
15580
16368
17160
17556
17930
18311
18691
19072
19451
19832
20209
20586
20967
21347
21726
22107
22485
22862
23244
23621
24003
24384
24760
25139
25520
25900
26280
26660
27041
27418
27800
28180
28555
28931
29310
29684
30063
30444
30822
31202
31585
31961
32339
32715
33096
33475
33855
34234
34611
34990
35368
35744
36127
36507
36882
37256
37639
38018
38395
38772
39153
39533
39912
40291
40671
41050
41429
41809
42188
42567
42948
43326
43704
44086
44465
44844
45218
45600
45979
46356
46735
47112
47487
47868
48248
48624
49005
49384
49764
50144
50522
50902
51281
51658
52037
52413
52788
53168
53549
53925
54304
54680
55061
55437
55817
56197
56574
56957
57336
57717
58097
58475
58855
59232
59608
59986
60362
60743
61121
61500
61878
62257
62638
63016
63394
63771
64149
64527
64906
65282
65659
66039
66416
66795
67172
67548
67924
68301
68677
69054
69433
69813
70192
70571
70951
71332
71712
72088
72467
72847
73228
73605
73979
74361
74735
75117
75498
75877
76251
76633
77010
77391
77769
78150
78531
78911
79287
79665
80043
80419
80796
81177
81554
81931
82307
82687
83063
83438
83814
84192
84566
84947
85324
85704
86086
86463
86840
87219
87595
87973
88349
88726
89109
89486
89863
90243
90620
91000
91379
91757
92136
92513
92892
93271
93650
94030
94409
94790
95169
95547
95926
96308
96687
97068
97445
97821
98199
98575
98953
99330
99709
100090
100470
100844
101223
