0
720
1447
2190
2924
3644
4387
5084
5787
6508
7233
7947
8666
9370
10096
10815
11537
12261
12971
13697
14420
15148
15857
16564
17287
17291
18035
18774
19503
20244
20983
21732
22478
23211
23950
24692
25437
26192
26941
27685
28429
29168
29912
30658
31414
32187
32942
33697
34442
35199
35212
35954
36693
37452
38204
38962
39710
40471
41208
41949
42690
43432
44171
44916
45644
46395
47144
47882
48612
49339
50086
50817
51567
52311
53051
53059
53782
54523
55254
55997
56723
57471
58207
58949
59677
60431
61181
61914
62637
63369
64094
64829
65563
66309
67054
67782
68521
69264
70006
70750
70758
71478
72236
72972
73716
74425
75155
75891
76613
77343
78067
78787
79524
80262
80961
81691
82414
83138
83883
84614
85342
86078
86845
87594
88339
88344
