0
379
761
1140
1519
1896
2275
2654
3032
3413
3792
4172
4549
4931
5311
5690
6069
6447
6829
7210
7589
7967
8348
8727
9106
9482
9863
10240
10621
11000
11378
11757
12138
12519
12898
13275
13654
14028
14408
14787
15165
15543
15920
16299
16677
17056
17438
17814
18194
18572
18954
19331
19708
20087
20468
20847
21228
21608
21987
22366
22741
23120
23503
23879
24257
24633
25008
25391
25768
26146
26528
26907
27285
27664
28041
28420
28801
29175
29552
29928
30304
30681
31056
31435
31815
32196
32820
33589
34342
35086
35910
36758
37598
38441
39279
40105
40704
41083
41463
41840
42219
42598
42976
43358
43735
44113
44494
44870
45246
45621
46000
46377
46758
47136
47519
47900
48277
48657
49034
49413
49792
50173
50549
50927
51304
51682
52062
52438
52817
53197
53576
53953
54336
54717
55098
55475
55856
56231
56610
56984
57366
57746
58126
58502
58882
59261
59640
60020
60400
60780
61159
61537
61916
62292
62669
63051
63430
63810
64188
64567
64950
65324
65706
66083
66461
66839
67218
67594
67971
68347
68726
69106
69486
69862
70241
70622
71001
71375
71757
72136
72517
72894
73272
73655
74031
74410
74790
75169
75549
75928
76305
76687
77063
77440
77819
78195
78571
78948
79325
79705
80086
80466
80844
81221
81595
81978
82355
82734
83113
83492
83872
84253
84633
85007
85388
85769
86148
86526
86907
87284
87661
88039
88415
88794
89171
89547
89926
90301
90680
91057
91433
91812
92190
92569
92945
93322
93698
94073
94450
94829
95208
95588
95967
96345
96725
97106
97485
97866
98243
98620
99001
