0
379
761
1140
1519
1896
2275
2654
3032
3413
3792
4172
4549
4931
5311
5690
6069
6447
6829
7210
7589
7967
8348
8727
9106
9482
9863
10240
10621
11000
11378
11757
12138
12519
12898
13275
13654
14028
14408
14787
15165
15543
15920
16299
16677
17056
17438
17814
18194
18572
18954
19331
19708
20087
20468
20847
21228
21608
21987
22366
22741
23120
23503
23879
24257
24633
25008
25391
25768
26146
26528
26907
27285
27664
28041
28420
28801
29175
29552
29928
30304
30681
31056
31435
31815
32196
32820
33589
34342
35086
35910
36758
37598
38441
39279
40105
40704
41083
41463
41840
42219
42598
42976
43358
43735
44113
44494
44870
45246
45621
46000
46377
46758
47136
47519
47900
48277
48657
49034
49413
49792
50173
50549
50927
51304
51682
52062
52438
52817
53197
53576
53953
54336
54717
55098
55475
55856
56231
56610
56984
57366
57746
58126
58502
58882
59261
59640
60020
60400
60780
61159
61537
61916
62292
62669
63051
63430
63810
64188
64567
64950
65324
65706
66083
66461
66839
67218
67594
67971
68347
68726
69106
69486
69862
70241
70622
71002
71376
71758
72137
72518
72895
73273
73656
74032
74411
74791
75170
75550
75929
76306
76688
77064
77441
77820
78196
78572
78949
79326
79706
80087
80467
80845
81222
81596
81979
82356
82735
83114
83493
83873
84254
84634
85008
85389
85770
86149
86527
86908
87285
87662
88040
88416
88795
89172
89548
89927
90302
90681
91058
91434
91813
92191
92570
92946
93323
93699
94074
94451
94830
95209
95589
95968
96346
96726
97107
97486
97867
98244
98621
99002
