0
566
1164
1737
2336
2895
3495
4089
4700
5265
5852
6466
7075
7646
8246
8849
9491
10131
10728
11390
12021
12634
13244
13830
14451
14456
15050
15652
16270
16888
17450
18012
18614
19206
19796
20394
20997
21606
22228
22824
23436
24044
24652
25252
25836
26449
27044
27636
28225
28802
28804
29397
29979
30579
31184
31783
32375
32972
33569
34157
34758
35326
35900
36508
37125
37735
38280
38862
39424
40010
40561
41158
41735
42318
42873
42877
43476
44065
44662
45254
45779
46231
46818
47437
47998
48578
49144
49739
50280
50859
51439
52027
52633
53205
53792
54374
54966
55564
56157
56741
56750
57333
57918
58503
59081
59672
60264
60871
61460
62050
62639
63214
63788
64373
64972
65553
66125
66728
67269
67808
68364
68938
69496
70104
70684
70688
