0
750
1475
2197
2906
3621
4326
5015
5732
6460
7190
7923
8646
9361
10090
10819
11542
12254
12985
13698
14409
15124
15852
16569
17289
17295
17915
18547
19166
19776
20396
21023
21637
22262
22894
23490
24124
24758
25383
26032
26667
27359
28074
28718
29350
29953
30532
31153
31748
32395
32398
33011
33622
34229
34847
35461
36081
36705
37361
37984
38604
39234
39867
40435
41050
41642
42155
42748
43373
43991
44625
45237
45870
46517
47139
47142
47762
48387
48993
49623
50235
50853
51479
52012
52560
53154
53770
54400
55015
55632
56261
56912
57512
58066
58625
59240
59835
60412
61002
61616
61619
62248
62861
63470
64068
64672
65301
65920
66499
67074
67686
68297
68918
69531
70160
70772
71347
71922
72541
73167
73831
74467
75103
75730
76345
76355
