0
566
1164
1737
2460
3169
3885
4624
5358
6104
6840
7592
8333
9063
9800
10543
11289
12023
12763
13506
14268
15051
15820
16571
17297
17302
18058
18786
19520
20243
20978
21713
22431
23167
23914
24624
25360
26086
26798
27525
28261
28993
29714
30443
31170
31903
32593
33295
34015
34717
34723
35459
36189
36912
37629
38364
39088
39821
40573
41328
42067
42801
43550
44292
45024
45769
46465
47158
47863
48585
49265
49962
50660
51388
52117
52126
52874
53608
54344
55096
55831
56565
57310
58035
58786
59545
60282
61027
61744
62474
63197
63933
64681
65439
66185
66923
67659
68389
69128
69862
69864
70623
71386
72121
72878
73632
74398
75159
75905
76649
77374
78100
78836
79591
80311
81046
81784
82516
83265
84013
84754
85478
86201
86931
87679
87681
