0
719
1427
2132
2854
3556
4264
4961
5661
6359
7059
7778
8478
9194
9886
10588
11299
12015
12731
13458
14176
14911
15603
16323
17057
17067
17789
18491
19199
19898
20622
21323
22041
22755
23476
24185
24909
25639
26330
27033
27757
28471
29192
29908
30616
31335
32047
32789
33522
34242
34252
34971
35689
36398
37093
37814
38530
39242
39957
40668
41395
42125
42880
43617
44344
45097
45830
46544
47261
47986
48689
49400
50120
50835
51530
51532
52248
52965
53687
54414
55125
55831
56549
57283
58022
58770
59494
60220
60940
61666
62366
63072
63795
64522
65245
65967
66692
67425
68164
68888
68890
69620
70350
71062
71771
72497
73238
73960
74687
75416
76164
76902
77614
78356
79063
79793
80518
81241
81958
82638
83358
84070
84802
85520
86235
86239
