0
585
1173
1774
2349
2934
3544
4183
4779
5307
5877
6469
7065
7664
8252
8834
9306
9900
10481
11067
11666
12259
12856
13457
14027
14029
14578
15096
15645
16177
16737
17308
17888
18485
19058
19606
20196
20647
21214
21794
22371
22963
23526
24089
24628
25200
25762
26329
26893
27474
27483
28064
28631
29173
29776
30354
30941
31366
31951
32550
33156
33755
34354
34932
35548
36134
36738
37336
37915
38496
39079
39702
40278
40875
41479
41490
42099
42730
43339
43978
44574
45206
45812
46420
47060
47700
48280
48886
49520
50147
50752
51357
51999
52599
53226
53850
54479
55069
55672
56259
56264
56868
57463
58055
58623
59211
59809
60370
60954
61658
62297
62899
63490
64081
64674
65257
65836
66443
67027
67454
68058
68652
69281
69864
70505
70511
